18768 8941 8974 9024 8224 8941 8974 9024 6600 8224 8941 8974 9024 5405 5466 5467 5550 55551 7458 7459 75471 8214 8856 8940 9022 5561 8859 9023 5403 9021
7462 7463 7464 7465 7466 7467 7468 7469 7470 7548 7549 7550 7551 8224 8735 8736 8860 8941 8974 9024 9022 7458 7459 7547 8856 8940 5549 88566 74547 8718
7458 75459 7547 8822 8856 8940 9022 7459 7547 8856 89420 9022 7460 87314 74160 8215 8734 7460 87334 5552 5468 9023 8857 5406 5407 5553 55534 7461 8762 8858
5469 5555 5872 5878 88572 9023 5349 5558 7461 8762 8858 9023 7461 8762 8858 9023 5556 5557 7461 8762 8858 9023 7461 8762 8858 9023 8859 9023 8859 9023
5560 8859 9023 5559 5350 8855 8939 5464 5546 5347 5545 5465 5348 5547 5548 7456 7457 6507 5542 5541 5404 5543 5544 8213 9021 8854 5540 5877 8766 8813
5537 9021 5538 5539 9027 5357 5488 5598 5599 5600 5880 8219 7475 8866 6515 6516 5358 5601 7474 8865 8816 5414 5597 5988 8864 5487 5356 8218 9028
6742 6743 7476 7477 7478 7554 7555 7556 7557 7558 7559 8867 8943 8977 9028 5602 5359 5603 5604 8771 5360 5489 8772 8817 5490 5607 5608 5609 5610 5611
5361 5415 5605 5606 8943 8977 9028 9029 8869 5362 5363 5493 5615 6196 5616 5617 8774 5868 8868 5613 5614 8773 5492 8825 5612 5491 8583 8978 9030
6744 6759 7482 8583 8872 8978 9030 8826 5494 5627 5628 6745 5495 8945 7479 7480 7481 7560 8871 5416 5624 5625 5626 5621 5622 5623 8818 8944 5620 8870
5619 8870 5618 5930 8846 8937 9031 6746 6747 7483 7484 7485 7486 7561 7562 8873 8946 8979 5933 5995 5931 5417 5496 5497 5629 5630 5631 5632 8819
5364 5365 5366 5367 5368 5498 5499 5500 5501 5502 5503 5633 5634 5635 5636 5637 5638 5639 5640 5641 5642 5643 5734 5881 5986 8775 8846 8937 8946 8979 9031
8719 8827 8846 8937 8946 8979 9031 8876 5372 5507 5654 6760 8877 5655 5866 8947 6749 7489 5373 5508 5509 8778 7490 7564 8878 8741 5510 5511 7488 8875
5371 7488 8777 8875 5652 5653 8776 8828 5883 5370 5934 9032 6748 7487 8874 5369 5418 5504 5644 5645 5646 5647 5648 7563 5419 5506 5651 5882 5869
5505 5649 5650 5869 7563 9032 8584 9033 6750 7493 8949 8847 5376 5515 5516 5667 5668 5669 5670 5671 5672 5673 5674 5935 8221 8780 6518 8948
6517 7491 7492 7565 8584 8879 8948 9033 5374 5375 5512 5513 5514 5656 5657 5658 5659 5660 5661 5662 5663 5664 5665 5666 8220 8779