0 1000000000000000000000000000000
0 0000000000000000000000000000000
0 0000000000000000000000000000000
1 1111111111111111111100000000000
1 0000000000000000000010000000000
1 0000000000000000000011111100000
0 0000000000000000010000000000000
1 0000000000000000000011111100000
1 0000000000000000000011110110000
1 0000000000000000000011101100000
1 0000000000000000000011111100000
2 1000000000000000000000000000000
2 1000000000000000000000000000000
1 0000000000000000000010000100000
1 0000000000000000000010000000000
2 0000000000000000000000000000000
2 0000000000000000000000000000000
2 0000000000000000000000000000000
2 0000000000000000000010000000000
2 0000000000000000000001000000000
2 0000000000000000000000100000000
2 0000000000000000000000110000000
2 0000000000000000000000111110000
3 1111000000000000000000000000000
2 0000000000000000000000110000000
2 0000000000000000000000100000000
2 0000000000000000000000100000000
3 0000000000000000000000000000000
3 0000000000000000000000000000000
3 0000000000000000000000000000000
3 0000000000000000000000000000000
2 0000000000000000000000100000000
3 0000000000000000000000000000000
0 0000000000000000000000000000000
3 0000000000000000000000000000000
4 1110000000000000000000000000000
4 0110000000000000000000000000000
4 0111000000000000000000000000000
4 0110000000000000000000000000000
4 0110100000000000000000000000000
4 0110000000000000000000000000000
4 0010000000000000000000000000000
4 0000011000000000000000000000000
4 0000011110000000000000000000000
4 0000011000000000000000000000000
4 0000011001100000000000000000000
4 0000011000000000000000000000000
4 0000001000000000000000000000000
4 0000001000010000000000000000000
4 0000001000000000000000000000000
4 0000001000001110000000000000000
4 0000001000000000000000000000000
4 0000000000000001100000000000000
4 0000000000000001110000000000000
4 0000000000000001111000000000000
4 0000000000000001110000000000000
4 0000000000000001110100000000000
4 0000000000000001110000000000000
4 0000000000000001110010000000000
4 0000000000000001110000000000000
4 0000000000000001110001110000000
4 0000000000000001110000000000000
4 0000000000000000000000001000000
4 0000000000000000000000001100000
4 0000000000000000000000001110000
4 0000000000000000000000001100000
4 0000000000000000000000001101000
4 0000000000000000000000001100000
4 0000000000000000000000001100100
4 0000000000000000000000001100000
4 0000000000000000000000001100010
4 0000000000000000000000001000000
0 0000000000000000000000000000000
4 0000000000000000000000001000000
5 1100000000000000000000000000000
5 0100000000000000000000000000000
5 0111000000000000000000000000000
5 0100000000000000000000000000000
5 0000100000000000000000000000000
5 0000111111110000000000000000000
5 0000100000000000000000000000000
5 0000000000001100000000000000000
5 0000000000001111000000000000000
5 0000000000001111110000000000000
5 0000000000001111000000000000000
5 0000000000001100000000000000000
5 0000000000000000001100000000000
5 0000000000000000001110000000000
5 0000000000000000001111110000000
5 0000000000000000001100000000000
5 0000000000000000000000001000000
5 0000000000000000000000001100000
5 0000000000000000000000001000000
5 0000000000000000000000001011000
5 0000000000000000000000001000000
5 0000000000000000000000000000100
6 1111111111111110000000000000000
6 0000000000001110000000000000000
6 0000000000001111000000000000000
6 0000000000001110000000000000000
6 0000000000001110100000000000000
6 0000000000001110000000000000000
6 0000000000001110011000000000000
6 0000000000001110000000000000000
6 0000000000001110000100000000000
6 0000000000001110000000000000000
6 0000000000001110000011100000000
6 0000000000001110000000000000000
6 0000000000001110000000010000000
6 0000000000001110000000000000000
6 0000000000001110000000001111110
6 0000000000001110000000000000000
7 1111111000000000000000000000000
7 0000111000000000000000000000000
7 0000011000000000000000000000000
7 0000001000000000000000000000000
7 0000000100000000000000000000000
7 0000000110000000000000000000000
7 0000000111000000000000000000000
7 0000000110000000000000000000000
7 0000000110111000000000000000000
7 0000000110000000000000000000000
7 0000000110000100000000000000000
7 0000000110000111100000000000000
7 0000000110000100000000000000000
7 0000000110000100010000000000000
7 0000000110000100000000000000000
7 0000000110000000000000000000000
7 0000000100000000000000000000000
7 0000000100000000001000000000000
7 0000000100000000001100000000000
7 0000000100000000001000000000000
7 0000000100000000001010000000000
7 0000000100000000001000000000000
7 0000000100000000001001000000000
7 0000000100000000001000000000000
7 0000000100000000001000100000000
7 0000000100000000001000000000000
7 0000000100000000001000010000000
7 0000000100000000001000011000000
7 0000000100000000001000010000000
7 0000000100000000001000010100000
7 0000000100000000001000010000000
7 0000000100000000000000000000000
7 0000000000000000000000000011100
8 1111111000000000000000000000000
8 1111111100000000000000000000000
8 1111111000000000000000000000000
8 1111111011100000000000000000000
8 1111111000000000000000000000000
8 0001011000000000000000000000000
8 0001001000000000000000000000000
8 0001001000010000000000000000000
8 0001001000011000000000000000000
8 0001001000010000000000000000000
8 0001001000000000000000000000000
8 0001001000000100000000000000000
8 0001001000000111111000000000000
8 0001001000000111111111100000000
8 0001001000000111111000000000000
8 0001001000000111111000011100000
8 0001001000000111111000000000000
8 0001001000000000000000000000000
8 0000000000000000000000000010000
8 0000000000000000000000000001000
8 0000000000000000000000000001100
8 0000000000000000000000000001000
8 0000000000000000000000000000010
9 1100000000000000000000000000000
9 0100000000000000000000000000000
9 0110000000000000000000000000000
9 0100000000000000000000000000000
9 0101000000000000000000000000000
9 0100000000000000000000000000000
9 0000111000000000000000000000000
9 0000111111111111110000000000000
9 0000111000000000110000000000000
9 0000111000000000111100000000000
9 0000111000000000110000000000000
10 1111111111111111111111111111111
9 0000111000000000110010000000000
9 0000111000000000110000000000000
9 0000111000000000110001111111000
9 0000111000000000110000000000000
9 0000111000000000110000000000100
11 1111111000000000000000000000000
11 0011011000000000000000000000000
11 0011001000000000000000000000000
11 0000000100000000000000000000000
11 0000000111100000000000000000000
11 0000000100000000000000000000000
11 0000000000011000000000000000000
11 0000000000011100000000000000000
11 0000000000011000000000000000000
11 0000000000011010000000000000000
11 0000000000011000000000000000000
11 0000000000000001000000000000000
11 0000000000000001110000000000000
11 0000000000000001111000000000000
11 0000000000000001110000000000000
11 0000000000000001110100000000000
11 0000000000000001110000000000000
11 0000000000000001110011000000000
11 0000000000000001110000000000000
11 0000000000000000000000111000000
11 0000000000000000000000111100000
11 0000000000000000000000111110000
11 0000000000000000000000111100000
11 0000000000000000000000111101000
11 0000000000000000000000111100000
11 0000000000000000000000000000110
12 1111000000000000000000000000000
12 0101000000000000000000000000000
12 0101111000000000000000000000000
12 0101000000000000000000000000000
12 0101000100000000000000000000000
12 0101000110000000000000000000000
12 0101000100000000000000000000000
12 0101000101100000000000000000000
12 0101000100000000000000000000000
12 0000000000010000000000000000000
12 0000000000011110000000000000000
12 0000000000011111111111100000000
12 0000000000011110000000000000000
12 0000000000010000000000010000000
12 0000000000010000000000011111000
12 0000000000010000000000010000000
12 0000000000010000000000010000100
13 1111110000000000000000000000000
13 0000010000000000000000000000000
13 0000001100000000000000000000000
13 0000001111100000000000000000000
13 0000001100110000000000000000000
13 0000001100100000000000000000000
13 0000001100101111111111111100000
13 0000001100100000000000000000000
13 0000001100100000000000000010000
13 0000001100000000000000000000000
13 0000001100000000000000000001000
14 1111111100000000000000000000000
14 0111111100000000000000000000000
14 0111111111111111111111111100000
14 0111111100000000000000000000000
14 0000100100000000000000000000000
